1.000  0.000  0.000  0.000  0.000  0.000  0.000  0.000  0.000  0.000
0.000  1.000  0.000  0.000  0.000  0.000  0.000  0.000  0.000  0.000
0.000  0.000  1.000  0.000  0.000  0.000  0.000  0.000  0.000  0.000
0.000  0.000  0.000  1.000  0.000  0.000  0.000  0.000  0.000  0.000
1.000  0.000  0.000 -1.000  1.000  0.000  0.000  0.000  0.000  0.000
0.000  0.333  0.095 -0.038  0.038  1.000  0.000  0.000  0.000  0.000
0.000  0.000  0.000  0.000  0.000  0.000  1.000  0.000  0.000  0.000
0.000  0.000  0.000  0.000  0.000  0.000  0.000  1.000  0.000  0.000
0.000  0.000  0.000  0.000  0.000  0.000  0.000  0.000  1.000  0.000
0.000  0.000  0.000  0.000  0.000  0.000  0.000  0.000  0.000  1.000
